acc-p1: 0.706777316735823 +- 0.0021292952030899856
acc-all-p: 0.706777316735823 +- 0.0021292952030899856
