acc-p0: 0.5954356846473029 +- 0.004488238102237315
acc-p1: 0.5869986168741356 +- 0.009141195929105589
acc-p2: 0.6059474412171507 +- 0.0025353115878040517
acc-p3: 0.6031811894882434 +- 0.004156287469243891
acc-all-p: 0.5978907330567081 +- 0.00908300785729711
