acc-p0: 0.5896265560165975 +- 0.005199155222465403
acc-p1: 0.5865836791147995 +- 0.008873590557314182
acc-p2: 0.6023513139695712 +- 0.009900708253484537
acc-p3: 0.5934993084370678 +- 0.010141246351216207
acc-all-p: 0.593015214384509 +- 0.009695433384692946
