acc-p0: 0.6684647302904564 +- 0
acc-all-p: 0.6684647302904564 +- 0
