f1-macro-p0: 0.46025818332556856 +- 0
f1-macro-p1: 0.5709348279636688 +- 0
f1-macro-p2: 0.5812462570141235 +- 0
f1-macro-p3: 0.5528438674368357 +- 0
f1-macro-all-p: 0.5413207839350491 +- 0.05530208457577411
