acc-p0: 0.6959889349930843 +- 0.002046839361956942
acc-p1: 0.7035961272475796 +- 0.003625267613300507
acc-p2: 0.7001383125864453 +- 0.003987146695822878
acc-p3: 0.7059474412171508 +- 0.004436795278657155
acc-all-p: 0.701417704011065 +- 0.004999513456196047
