acc-p0: 0.69432918395574 +- 0.012898714724242621
acc-p1: 0.7178423236514523 +- 0.007270296874661896
acc-p2: 0.7 +- 0.005199155222465457
acc-p3: 0.7038727524204703 +- 0.0010442371279766383
acc-all-p: 0.7040110650069157 +- 0.011274114907840325
