f1-macro-p0: 0.5412638068009155 +- 0
f1-macro-p1: 0.5601813643043896 +- 0
f1-macro-p2: 0.5795184393324746 +- 0
f1-macro-p3: 0.5606824115111408 +- 0
f1-macro-all-p: 0.5604115054872301 +- 0.015618745585420483
