f1-macro-p0: 0.7586040432821938 +- 0
f1-macro-p1: 0.7627464291156953 +- 0
f1-macro-p2: 0.7652618858171234 +- 0
f1-macro-p3: 0.760570648996297 +- 0
f1-macro-all-p: 0.7617957518028273 +- 0.0028638990045923673
