acc-p0: 0.6136929460580913 +- 0
acc-all-p: 0.6136929460580913 +- 0
