acc-p0: 0.6250345781466113 +- 0.001570929002987622
acc-all-p: 0.6250345781466113 +- 0.001570929002987622
