acc-p0: 0.7161825726141079 +- 0
acc-all-p: 0.7161825726141079 +- 0
