acc-p3: 0.519225449515906 +- 0.005633585575218932
acc-all-p: 0.519225449515906 +- 0.005633585575218932
