f1-macro-p0: 0.5816809170047337 +- 0
f1-macro-all-p: 0.5816809170047337 +- 0
