acc-p0: 0.5856154910096819 +- 0.005902237425546831
acc-p1: 0.6020746887966805 +- 0.012660702325636828
acc-p2: 0.6 +- 0.007916507895576285
acc-p3: 0.6051175656984785 +- 0.01075908352812971
acc-all-p: 0.5982019363762102 +- 0.011363997661046735
