acc-p1: 0.7236514522821577 +- 0.0029045643153526868
acc-all-p: 0.7236514522821577 +- 0.0029045643153526868
