acc-p0: 0.7153526970954357 +- 0
acc-all-p: 0.7153526970954357 +- 0
