acc-p1: 0.5742738589211618 +- 0.005199155222465461
acc-all-p: 0.5742738589211618 +- 0.005199155222465461
