acc-p0: 0.6396957123098201 +- 0.0026997539828414185
acc-p1: 0.6864453665283541 +- 0.004258590406179971
acc-p2: 0.6600276625172891 +- 0.010141246351216207
acc-p3: 0.6619640387275242 +- 0.01705456447225267
acc-all-p: 0.6620331950207469 +- 0.01938857959493118
