acc-p0: 0.6481327800829876 +- 0.009352222132435356
acc-p1: 0.6835408022130014 +- 0.0034798743085502296
acc-p2: 0.6580912863070539 +- 0.0029045643153526868
acc-p3: 0.668326417704011 +- 0.007530101017325731
acc-all-p: 0.6645228215767635 +- 0.014733610646903358
