acc-p0: 0.709405255878285 +- 0.0013338382795287582
acc-p1: 0.7329183955739972 +- 0.00228529898227644
acc-p2: 0.7128630705394191 +- 0.009156878211914453
acc-p3: 0.7271092669432918 +- 0.0052211856398829345
acc-all-p: 0.7205739972337483 +- 0.011176684789270782
