acc-p0: 0.7099585062240664 +- 0.002720928848258082
acc-p1: 0.716597510373444 +- 0.005582416617043014
acc-p2: 0.7112033195020747 +- 0.006521258774067077
acc-p3: 0.7174273858921162 +- 0.005426015282415757
acc-all-p: 0.7137966804979253 +- 0.005628837211108063
