f1-macro-p0: 0.6091140474038172 +- 0
f1-macro-p1: 0.661701989332552 +- 0
f1-macro-p2: 0.6310054390054389 +- 0
f1-macro-p3: 0.6476917978436156 +- 0
f1-macro-all-p: 0.637378318396356 +- 0.022638399771128075
