f1-macro-p0: 0.7524207068806241 +- 0
f1-macro-p1: 0.7703305743917033 +- 0
f1-macro-p2: 0.7721271400411951 +- 0
f1-macro-p3: 0.7674442156198346 +- 0
f1-macro-all-p: 0.7655806592333393 +- 0.008982859479970006
