f1-macro-p3: 0.7068640658522913 +- 0
f1-macro-all-p: 0.7068640658522913 +- 0
