f1-macro-p0: 0.7122770211291475 +- 0
f1-macro-all-p: 0.7122770211291475 +- 0
