acc-p0: 0.6016597510373444 +- 0
acc-all-p: 0.6016597510373444 +- 0
