acc-p0: 0.6997233748271092 +- 0.006746195517708013
acc-p1: 0.7071922544951591 +- 0.0037650505086628356
acc-p2: 0.7006915629322268 +- 0.0031143375516453275
acc-p3: 0.7053941908713693 +- 0.0012448132780082943
acc-all-p: 0.7032503457814662 +- 0.004854572962534928
