acc-p3: 0.7235131396957123 +- 0.005828854081799558
acc-all-p: 0.7235131396957123 +- 0.005828854081799558
