acc-p3: 0.7214384508990318 +- 0.003223009736578424
acc-all-p: 0.7214384508990318 +- 0.003223009736578424
