acc-p0: 0.7076071922544952 +- 0.007677283035340517
acc-all-p: 0.7076071922544952 +- 0.007677283035340517
