f1-macro-p0: 0.7179552629255155 +- 0
f1-macro-all-p: 0.7179552629255155 +- 0
