acc-p0: 0.7219917012448133 +- 0
acc-all-p: 0.7219917012448133 +- 0
