f1-macro-p2: 0.5861776638475669 +- 0
f1-macro-all-p: 0.5861776638475669 +- 0
