f1-macro-p1: 0.672021149988508 +- 0
f1-macro-all-p: 0.672021149988508 +- 0
