acc-p0: 0.4987551867219917 +- 0.009570591364872018
acc-p1: 0.4822959889349931 +- 0.012028424675655253
acc-p2: 0.48824343015214383 +- 0.020312181656165995
acc-p3: 0.4951590594744122 +- 0.0024313133929802053
acc-all-p: 0.4911134163208852 +- 0.012762849655108573
