acc-p1: 0.6621023513139696 +- 0.006351846474802209
acc-all-p: 0.6621023513139696 +- 0.006351846474802209
