f1-macro-p0: 0.8202548625083836 +- 0
f1-macro-p1: 0.8291862113456463 +- 0
f1-macro-p2: 0.8251945905987736 +- 0
f1-macro-p3: 0.8281688270132881 +- 0
f1-macro-all-p: 0.825701122866523 +- 0.004006400391464933
