acc-p2: 0.7153526970954357 +- 0.0007186932811489091
acc-all-p: 0.7153526970954357 +- 0.0007186932811489091
