acc-p0: 0.5084370677731673 +- 0.008746562519370626
acc-p1: 0.49336099585062243 +- 0.014271687570057937
acc-p2: 0.5076071922544951 +- 0.003455047302018465
acc-p3: 0.5226832641770401 +- 0.005509981822141637
acc-all-p: 0.5080221300138312 +- 0.013265428468078015
