acc-p0: 0.7116182572614108 +- 0
acc-all-p: 0.7116182572614108 +- 0
