f1-macro-p0: 0.6996576991007174 +- 0
f1-macro-p1: 0.6957893249618354 +- 0
f1-macro-p2: 0.6944264657341103 +- 0
f1-macro-p3: 0.6899960856525382 +- 0
f1-macro-all-p: 0.6949673938623003 +- 0.003986687953603463
