acc-p0: 0.6337482710926694 +- 0.012478064521462277
acc-all-p: 0.6337482710926694 +- 0.012478064521462277
