f1-macro-p3: 0.7238257205083117 +- 0
f1-macro-all-p: 0.7238257205083117 +- 0
