acc-p0: 0.7031811894882435 +- 0.0044367952786571515
acc-p1: 0.7102351313969572 +- 0.007070195252631876
acc-p2: 0.7009681881051175 +- 0.005478645178516864
acc-p3: 0.7006915629322269 +- 0.0074727206966750575
acc-all-p: 0.7037690179806363 +- 0.0066706580673234735
