acc-p0: 0.6861687413554634 +- 0.0067078039573898185
acc-p1: 0.6817427385892116 +- 0.008473268820191728
acc-p2: 0.6784232365145229 +- 0.004332077389589424
acc-p3: 0.6786998616874136 +- 0.005254058067281469
acc-all-p: 0.6812586445366529 +- 0.006346916192190134
