acc-p0: 0.6835408022130014 +- 0.0030585538571916877
acc-p1: 0.6784232365145229 +- 0.010439622925650753
acc-p2: 0.686030428769018 +- 0.005254058067281469
acc-p3: 0.6835408022130014 +- 0.001570929002987622
acc-all-p: 0.6828838174273859 +- 0.0059452842608502905
