acc-p0: 0.7315352697095435 +- 0
acc-all-p: 0.7315352697095435 +- 0
