f1-macro-p0: 0.7146730215716011 +- 0
f1-macro-p1: 0.727190594059406 +- 0
f1-macro-p2: 0.7212590817380102 +- 0
f1-macro-p3: 0.726367971067803 +- 0
f1-macro-all-p: 0.7223726671092051 +- 0.00576482111901562
