acc-p0: 0.703734439834025 +- 0
acc-all-p: 0.703734439834025 +- 0
