acc-p0: 0.7065006915629323 +- 0.004030097450714698
acc-p1: 0.7147994467496542 +- 0.002046839361956942
acc-p2: 0.713969571230982 +- 0.0037650505086628356
acc-p3: 0.7142461964038728 +- 0.0025353115878040517
acc-all-p: 0.7123789764868603 +- 0.004485912590111148
