acc-p0: 0.7022130013831258 +- 0.003625267613300507
acc-p1: 0.716597510373444 +- 0.0019014836908530389
acc-p2: 0.7125864453665284 +- 0.0016769509893474546
acc-p3: 0.7123098201936376 +- 0.0035774597942953017
acc-all-p: 0.710926694329184 +- 0.006052801060642887
