f1-macro-p0: 0.7199814525313644 +- 0
f1-macro-all-p: 0.7199814525313644 +- 0
