f1-macro-p0: 0.34840422870887505 +- 0
f1-macro-p1: 0.3539732214758532 +- 0
f1-macro-p2: 0.3651976708445237 +- 0
f1-macro-p3: 0.4910458085673294 +- 0
f1-macro-all-p: 0.38965523239914535 +- 0.06795359313997328
