acc-p0: 0.6939142461964038 +- 0.006242480827882002
acc-p1: 0.7102351313969572 +- 0.009281382611235227
acc-p2: 0.7059474412171508 +- 0.006046332778532376
acc-p3: 0.7047026279391425 +- 0.004809222310017666
acc-all-p: 0.7036998616874135 +- 0.008544930993681055
