acc-p0: 0.7 +- 0.01156627374669409
acc-p1: 0.7087136929460581 +- 0.004149377593360981
acc-p2: 0.7031811894882434 +- 0.0015709290029876854
acc-p3: 0.7070539419087137 +- 0.009669029209735334
acc-all-p: 0.7047372060857539 +- 0.007580081544874136
