f1-macro-p0: 0.6943818158151891 +- 0
f1-macro-all-p: 0.6943818158151891 +- 0
