f1-macro-p0: 0.8267606383409323 +- 0
f1-macro-p1: 0.8305423957314699 +- 0
f1-macro-p2: 0.825212566254417 +- 0
f1-macro-p3: 0.8320311099466332 +- 0
f1-macro-all-p: 0.8286366775683631 +- 0.003183184692567957
