acc-p1: 0.5091286307053942 +- 0.02269296085290509
acc-all-p: 0.5091286307053942 +- 0.02269296085290509
