f1-macro-p0: 0.715017361111111 +- 0
f1-macro-all-p: 0.715017361111111 +- 0
