f1-macro-p0: 0.7264744325075555 +- 0
f1-macro-p1: 0.7311769367941352 +- 0
f1-macro-p2: 0.7295061834568878 +- 0
f1-macro-p3: 0.73408633218002 +- 0
f1-macro-all-p: 0.7303109712346496 +- 0.0031817164858909384
