f1-macro-p0: 0.6718842017171373 +- 0
f1-macro-all-p: 0.6718842017171373 +- 0
