f1-macro-p3: 0.6533937105811218 +- 0
f1-macro-all-p: 0.6533937105811218 +- 0
