acc-p0: 0.5067773167358229 +- 0.009225563566059391
acc-all-p: 0.5067773167358229 +- 0.009225563566059391
