acc-p0: 0.637759336099585 +- 0
acc-all-p: 0.637759336099585 +- 0
