acc-p0: 0.5058091286307054 +- 0
acc-all-p: 0.5058091286307054 +- 0
