acc-p0: 0.7034578146611341 +- 0.00756432028430173
acc-all-p: 0.7034578146611341 +- 0.00756432028430173
