acc-p0: 0.7215767634854772 +- 0
acc-all-p: 0.7215767634854772 +- 0
