f1-macro-p0: 0.6886145527774461 +- 0
f1-macro-p1: 0.6935239164345213 +- 0
f1-macro-p2: 0.7014104189992545 +- 0
f1-macro-p3: 0.7020849388968402 +- 0
f1-macro-all-p: 0.6964084567770155 +- 0.006488646183177101
