acc-p2: 0.7146611341632089 +- 0.001044237127976587
acc-all-p: 0.7146611341632089 +- 0.001044237127976587
