acc-p0: 0.6998616874135546 +- 0.0028244229400639096
acc-p1: 0.7123098201936376 +- 0.00864757899437933
acc-p2: 0.6998616874135546 +- 0.007426497238538775
acc-p3: 0.7142461964038728 +- 0.005648845880127819
acc-all-p: 0.7065698478561548 +- 0.008970952844724907
