f1-macro-p0: 0.7084693084693084 +- 0
f1-macro-all-p: 0.7084693084693084 +- 0
