acc-p0: 0.6219917012448133 +- 0
acc-all-p: 0.6219917012448133 +- 0
