acc-p0: 0.6066390041493775 +- 0
acc-all-p: 0.6066390041493775 +- 0
