acc-p0: 0.6215767634854772 +- 0
acc-all-p: 0.6215767634854772 +- 0
