acc-p3: 0.607883817427386 +- 0.007376094952129156
acc-all-p: 0.607883817427386 +- 0.007376094952129156
