acc-p0: 0.7340248962655601 +- 0
acc-all-p: 0.7340248962655601 +- 0
