acc-p0: 0.6091286307053941 +- 0
acc-all-p: 0.6091286307053941 +- 0
