f1-macro-p0: 0.4576383540543514 +- 0
f1-macro-p1: 0.4522802061367613 +- 0
f1-macro-p2: 0.445466402682491 +- 0
f1-macro-p3: 0.45147412165132594 +- 0
f1-macro-all-p: 0.4517147711312324 +- 0.004983592139409438
