f1-macro-p0: 0.6911771100578337 +- 0
f1-macro-p1: 0.6933966877106271 +- 0
f1-macro-p2: 0.6939700498755008 +- 0
f1-macro-p3: 0.6973498880015884 +- 0
f1-macro-all-p: 0.6939734339113874 +- 0.002552940588744592
