acc-p0: 0.6037344398340249 +- 0.004564315352697079
acc-p1: 0.6206085753803596 +- 0.012898714724242621
acc-p2: 0.6145228215767635 +- 0.01541983749050792
acc-p3: 0.612863070539419 +- 0.01388027276653755
acc-all-p: 0.6129322268326417 +- 0.012334237323068447
