acc-p0: 0.6206085753803596 +- 0.004862626785960411
acc-p1: 0.6029045643153528 +- 0.013661475214235972
acc-p2: 0.615076071922545 +- 0.014158642720039237
acc-p3: 0.620746887966805 +- 0.017343207090461697
acc-all-p: 0.6148340248962656 +- 0.01366849090156068
