acc-p0: 0.6928077455048409 +- 0.010030285344019821
acc-p1: 0.7159059474412172 +- 0.01105116700162551
acc-p2: 0.7073305670816045 +- 0.0035290043768113496
acc-p3: 0.706777316735823 +- 0.0031143375516452733
acc-all-p: 0.7057053941908714 +- 0.010922654823141633
