acc-p0: 0.6964038727524204 +- 0.0028244229400639096
acc-p1: 0.7142461964038728 +- 0.0009582577081985456
acc-p2: 0.7051175656984786 +- 0.003625267613300492
acc-p3: 0.7002766251728907 +- 0.007530101017325731
acc-all-p: 0.7040110650069156 +- 0.00792507091365087
