acc-p0: 0.7055325034578147 +- 0.0027627917504064385
acc-all-p: 0.7055325034578147 +- 0.0027627917504064385
