acc-p0: 0.6139695712309821 +- 0.010702927868411146
acc-p1: 0.6145228215767635 +- 0.006980333544091604
acc-p2: 0.629460580912863 +- 0.0035452297698412866
acc-p3: 0.6260027662517289 +- 0.013286650023261728
acc-all-p: 0.6209889349930844 +- 0.010739608191019302
