acc-p0: 0.6150760719225449 +- 0.02186345339601625
acc-p1: 0.6247579529737206 +- 0.009609490286407573
acc-p2: 0.6302904564315353 +- 0.012224829761540401
acc-p3: 0.6331950207468879 +- 0.017148529725951718
acc-all-p: 0.6258298755186722 +- 0.015375746051279325
