acc-p0: 0.5107883817427386 +- 0
acc-all-p: 0.5107883817427386 +- 0
