f1-macro-p0: 0.7146730215716011 +- 0
f1-macro-all-p: 0.7146730215716011 +- 0
