acc-p0: 0.6576763485477178 +- 0
acc-all-p: 0.6576763485477178 +- 0
