f1-macro-p0: 0.8509928185018438 +- 0
f1-macro-p1: 0.8518229420756496 +- 0
f1-macro-p2: 0.8597492036600329 +- 0
f1-macro-p3: 0.8555997718156552 +- 0
f1-macro-all-p: 0.8545411840132954 +- 0.004009314729915182
