f1-macro-p0: 0.6872447954435319 +- 0
f1-macro-all-p: 0.6872447954435319 +- 0
