acc-p0: 0.6033195020746888 +- 0
acc-all-p: 0.6033195020746888 +- 0
