f1-macro-p0: 0.6326785961594483 +- 0
f1-macro-all-p: 0.6326785961594483 +- 0
