acc-p0: 0.7058091286307054 +- 0.008831450893689972
acc-p1: 0.7189488243430152 +- 0.0039437281962332515
acc-p2: 0.7199170124481328 +- 0.0020746887966804906
acc-p3: 0.718118948824343 +- 0.0012676557939020258
acc-all-p: 0.7156984785615491 +- 0.00735448957609572
