acc-p0: 0.7125864453665284 +- 0.0023594359763806252
acc-p1: 0.719225449515906 +- 0.0027627917504063773
acc-p2: 0.7175656984785616 +- 0.002914427040899779
acc-p3: 0.7178423236514523 +- 0.0019014836908530389
acc-all-p: 0.716804979253112 +- 0.0033918003791269555
