acc-p0: 0.7257261410788381 +- 0
acc-all-p: 0.7257261410788381 +- 0
