f1-macro-p0: 0.7716513694230447 +- 0
f1-macro-p1: 0.7971163420984777 +- 0
f1-macro-p2: 0.7997100715187995 +- 0
f1-macro-p3: 0.8073949246629659 +- 0
f1-macro-all-p: 0.793968176925822 +- 0.015504813762012787
