acc-p0: 0.5867219917012448 +- 0
acc-all-p: 0.5867219917012448 +- 0
