acc-p1: 0.7280774550484094 +- 0.005002252094059491
acc-all-p: 0.7280774550484094 +- 0.005002252094059491
