f1-macro-p0: 0.7084465503153763 +- 0
f1-macro-all-p: 0.7084465503153763 +- 0
