acc-p1: 0.5994467496542185 +- 0.004844890702112568
acc-all-p: 0.5994467496542185 +- 0.004844890702112568
