acc-p0: 0.7228215767634855 +- 0
acc-all-p: 0.7228215767634855 +- 0
