f1-macro-p0: 0.6737128728365309 +- 0
f1-macro-all-p: 0.6737128728365309 +- 0
