f1-macro-p0: 0.6920309304979513 +- 0
f1-macro-all-p: 0.6920309304979513 +- 0
