acc-p0: 0.7037344398340248 +- 0.0042111583257644514
acc-p1: 0.709820193637621 +- 0.0037650505086628356
acc-p2: 0.7120331950207469 +- 0.0019014836908530389
acc-p3: 0.7088520055325035 +- 0.0025011260470297453
acc-all-p: 0.7086099585062241 +- 0.00420604459184925
