acc-p1: 0.7312586445366528 +- 0.007530101017325735
acc-all-p: 0.7312586445366528 +- 0.007530101017325735
