f1-macro-p0: 0.7234028427437608 +- 0
f1-macro-all-p: 0.7234028427437608 +- 0
