f1-macro-p0: 0.8196775304899057 +- 0
f1-macro-p1: 0.8227860501567398 +- 0
f1-macro-p2: 0.8257554454225002 +- 0
f1-macro-p3: 0.8236008817472118 +- 0
f1-macro-all-p: 0.8229549769540894 +- 0.002518598038115327
