acc-p0: 0.6250345781466113 +- 0.001570929002987622
acc-p1: 0.6099585062240663 +- 0.008634295455055972
acc-p2: 0.6138312586445367 +- 0.010367910003823073
acc-p3: 0.6132780082987552 +- 0.009704577231142352
acc-all-p: 0.6155255878284924 +- 0.009270625578577685
