f1-macro-p0: 0.5363759840294136 +- 0
f1-macro-all-p: 0.5363759840294136 +- 0
