f1-macro-p0: 0.6850829985441753 +- 0
f1-macro-p1: 0.6963762931983272 +- 0
f1-macro-p2: 0.6902831220868919 +- 0
f1-macro-p3: 0.6936032569293403 +- 0
f1-macro-all-p: 0.6913364176896837 +- 0.004856390563554467
