acc-p0: 0.6435684647302905 +- 0
acc-all-p: 0.6435684647302905 +- 0
