f1-macro-p0: 0.7046013105712627 +- 0
f1-macro-p1: 0.7325369993578784 +- 0
f1-macro-p2: 0.7219163071399661 +- 0
f1-macro-p3: 0.7122558389789014 +- 0
f1-macro-all-p: 0.7178276140120021 +- 0.012097702377919246
