f1-macro-p0: 0.7015619081324844 +- 0
f1-macro-all-p: 0.7015619081324844 +- 0
