f1-macro-p0: 0.7042712915275967 +- 0
f1-macro-all-p: 0.7042712915275967 +- 0
