f1-macro-p0: 0.7124128591169264 +- 0
f1-macro-all-p: 0.7124128591169264 +- 0
