f1-macro-p0: 0.7192015918418107 +- 0
f1-macro-all-p: 0.7192015918418107 +- 0
