acc-p0: 0.6123098201936377 +- 0.006159182317624456
acc-p1: 0.6130013831258645 +- 0.005872994120487497
acc-p2: 0.6344398340248962 +- 0.007916507895576285
acc-p3: 0.6174273858921162 +- 0.006521258774067077
acc-all-p: 0.6192946058091287 +- 0.010950383925711335
