acc-p0: 0.6221300138312587 +- 0.01450700581211866
acc-p1: 0.6242047026279391 +- 0.013267198227518583
acc-p2: 0.6280774550484094 +- 0.015444010901474813
acc-p3: 0.6273858921161826 +- 0.020344648418475164
acc-all-p: 0.6254495159059474 +- 0.013972247590816198
