acc-p0: 0.6893499308437068 +- 0.0025353115878040517
acc-p1: 0.6995850622406639 +- 0.009757656445066282
acc-p2: 0.6972337482710926 +- 0.0038330308327941824
acc-p3: 0.7013831258644536 +- 0.007070195252631883
acc-all-p: 0.6968879668049792 +- 0.007298230732358132
