f1-macro-p3: 0.7090084379725804 +- 0
f1-macro-all-p: 0.7090084379725804 +- 0
