f1-macro-p0: 0.7368490322938168 +- 0
f1-macro-p1: 0.7551414467596109 +- 0
f1-macro-p2: 0.7522260653016049 +- 0
f1-macro-p3: 0.7609033436811439 +- 0
f1-macro-all-p: 0.7512799720090442 +- 0.010274034961516498
