acc-p0: 0.7002766251728907 +- 0.005648845880127882
acc-p1: 0.7121715076071923 +- 0.0038554245822313427
acc-p2: 0.7117565698478562 +- 0.0016769509893474546
acc-p3: 0.7118948824343015 +- 0.0016769509893474546
acc-all-p: 0.7090248962655602 +- 0.006114015115078037
