acc-p0: 0.716597510373444 +- 0
acc-all-p: 0.716597510373444 +- 0
