acc-p0: 0.6946058091286307 +- 0
acc-all-p: 0.6946058091286307 +- 0
