acc-p0: 0.7157676348547718 +- 0
acc-all-p: 0.7157676348547718 +- 0
