acc-p0: 0.7076071922544952 +- 0.007677283035340517
acc-p1: 0.7273858921161825 +- 0.0076059347634121555
acc-p2: 0.7117565698478562 +- 0.006046332778532314
acc-p3: 0.7243430152143845 +- 0.0052211856398829345
acc-all-p: 0.7177731673582296 +- 0.010386010243592357
