f1-macro-p0: 0.5385405695810339 +- 0
f1-macro-all-p: 0.5385405695810339 +- 0
