acc-p0: 0.701521438450899 +- 0.004176948511906399
acc-p1: 0.7127247579529737 +- 0.006669191397643791
acc-p2: 0.7076071922544952 +- 0.010548998597880147
acc-p3: 0.7106500691562933 +- 0.0014572135204498895
acc-all-p: 0.7081258644536653 +- 0.007166122282774429
