acc-p0: 0.7114799446749654 +- 0.004985012805239291
acc-p1: 0.7156293222683264 +- 0.0023594359763806252
acc-p2: 0.7193637621023513 +- 0.0030017336672490493
acc-p3: 0.7159059474412172 +- 0.003719040016527996
acc-all-p: 0.7155947441217151 +- 0.004266393531652735
