acc-p0: 0.7087136929460581 +- 0.004211158325764392
acc-p1: 0.7163208852005533 +- 0.0031143375516452733
acc-p2: 0.7145228215767635 +- 0.0012448132780082943
acc-p3: 0.7157676348547718 +- 0.007617244709828113
acc-all-p: 0.7138312586445367 +- 0.005079875207342394
