acc-p0: 0.5919778699861687 +- 0.002943816964563304
acc-all-p: 0.5919778699861687 +- 0.002943816964563304
