f1-macro-p1: 0.721868638504957 +- 0
f1-macro-all-p: 0.721868638504957 +- 0
