acc-p0: 0.7131396957123098 +- 0.004030097450714637
acc-p1: 0.7289073305670816 +- 0.004570597964552766
acc-p2: 0.7200553250345781 +- 0.004950354126742246
acc-p3: 0.7268326417704011 +- 0.005478645178516816
acc-all-p: 0.7222337482710927 +- 0.007643825469155217
