acc-p0: 0.7136929460580913 +- 0
acc-all-p: 0.7136929460580913 +- 0
