acc-p0: 0.7055325034578147 +- 0.0027627917504064385
acc-p1: 0.7272475795297373 +- 0.01651605183466444
acc-p2: 0.7167358229598894 +- 0.005070623175608103
acc-p3: 0.7213001383125864 +- 0.002285298982276383
acc-all-p: 0.7177040110650069 +- 0.01120867376048776
