f1-macro-p0: 0.6450975585945045 +- 0
f1-macro-p1: 0.684725918371459 +- 0
f1-macro-p2: 0.6346900216601704 +- 0
f1-macro-p3: 0.650375817676198 +- 0
f1-macro-all-p: 0.6537223290755829 +- 0.021672079420148132
