f1-macro-p0: 0.5332219212816227 +- 0
f1-macro-p1: 0.5405519019778533 +- 0
f1-macro-p2: 0.5310589804244338 +- 0
f1-macro-p3: 0.5554065776834252 +- 0
f1-macro-all-p: 0.5400598453418337 +- 0.011008134689280065
