acc-p0: 0.6008298755186722 +- 0
acc-all-p: 0.6008298755186722 +- 0
