f1-macro-p0: 0.850597938598423 +- 0
f1-macro-p1: 0.8468246984477634 +- 0
f1-macro-p2: 0.8538941528337538 +- 0
f1-macro-p3: 0.8489299098708458 +- 0
f1-macro-all-p: 0.8500616749376966 +- 0.0029852065534625143
