acc-p0: 0.6991701244813278 +- 0
acc-all-p: 0.6991701244813278 +- 0
