acc-p0: 0.7012448132780082 +- 0
acc-all-p: 0.7012448132780082 +- 0
