f1-macro-p0: 0.6803461887442128 +- 0
f1-macro-p1: 0.688697029880879 +- 0
f1-macro-p2: 0.6901590056721323 +- 0
f1-macro-p3: 0.6886211960664027 +- 0
f1-macro-all-p: 0.6869558550909067 +- 0.004462918069100996
