acc-p0: 0.59432918395574 +- 0.011228903731560012
acc-all-p: 0.59432918395574 +- 0.011228903731560012
