acc-p0: 0.724896265560166 +- 0
acc-all-p: 0.724896265560166 +- 0
