acc-p0: 0.4778699861687414 +- 0.006643325011630891
acc-p1: 0.4871369294605809 +- 0.006830737607117986
acc-p2: 0.48699861687413554 +- 0.002285298982276383
acc-p3: 0.48575380359612724 +- 0.008060194901429306
acc-all-p: 0.48443983402489627 +- 0.006729159643247659
