acc-p0: 0.6074688796680497 +- 0
acc-all-p: 0.6074688796680497 +- 0
