f1-macro-p1: 0.5349565600604382 +- 0
f1-macro-all-p: 0.5349565600604382 +- 0
