acc-p2: 0.7203319502074689 +- 0.0029045643153526868
acc-all-p: 0.7203319502074689 +- 0.0029045643153526868
