acc-p2: 0.7152143845089903 +- 0.006351846474802209
acc-all-p: 0.7152143845089903 +- 0.006351846474802209
