acc-p0: 0.645643153526971 +- 0
acc-all-p: 0.645643153526971 +- 0
