f1-macro-p0: 0.5046668023726797 +- 0
f1-macro-p1: 0.524945218206047 +- 0
f1-macro-p2: 0.5446631019720442 +- 0
f1-macro-p3: 0.5297781164594593 +- 0
f1-macro-all-p: 0.5260133097525576 +- 0.016520721495960383
