f1-macro-p0: 0.8508782670558022 +- 0
f1-macro-all-p: 0.8508782670558022 +- 0
