acc-p0: 0.5067773167358229 +- 0.009225563566059391
acc-p1: 0.49903181189488244 +- 0.013726435428949467
acc-p2: 0.5 +- 0.0035452297698412866
acc-p3: 0.5211618257261411 +- 0.008162786544774306
acc-all-p: 0.5067427385892116 +- 0.012224989804870735
