acc-p0: 0.7360995850622407 +- 0
acc-all-p: 0.7360995850622407 +- 0
