acc-p0: 0.6987551867219917 +- 0.007480396837062253
acc-p1: 0.7084370677731674 +- 0.006432650597086276
acc-p2: 0.7127247579529737 +- 0.002088474255953174
acc-p3: 0.7131396957123098 +- 0.0025011260470297453
acc-all-p: 0.7082641770401107 +- 0.007497030508908331
