acc-p0: 0.7352697095435685 +- 0
acc-all-p: 0.7352697095435685 +- 0
