f1-macro-p3: 0.5874843082412016 +- 0
f1-macro-all-p: 0.5874843082412016 +- 0
