f1-macro-p0: 0.7110038582122491 +- 0
f1-macro-all-p: 0.7110038582122491 +- 0
