f1-macro-p0: 0.7222692610008687 +- 0
f1-macro-p1: 0.7304657888669059 +- 0
f1-macro-p2: 0.7315252473763066 +- 0
f1-macro-p3: 0.7435264612606263 +- 0
f1-macro-all-p: 0.7319466896261769 +- 0.008758127968402018
