f1-macro-p0: 0.7573644271469384 +- 0
f1-macro-all-p: 0.7573644271469384 +- 0
