acc-p0: 0.725311203319502 +- 0
acc-all-p: 0.725311203319502 +- 0
