acc-p0: 0.7377593360995851 +- 0
acc-all-p: 0.7377593360995851 +- 0
