acc-p3: 0.7224066390041494 +- 0.006027319106362614
acc-all-p: 0.7224066390041494 +- 0.006027319106362614
