acc-p0: 0.7211618257261411 +- 0
acc-all-p: 0.7211618257261411 +- 0
