f1-macro-p0: 0.5823506152164305 +- 0
f1-macro-all-p: 0.5823506152164305 +- 0
