f1-macro-p0: 0.716662971730037 +- 0
f1-macro-all-p: 0.716662971730037 +- 0
