acc-p0: 0.6630705394190871 +- 0
acc-all-p: 0.6630705394190871 +- 0
