acc-p1: 0.7235131396957123 +- 0.007788607593527544
acc-all-p: 0.7235131396957123 +- 0.007788607593527544
