f1-macro-p0: 0.8280626694289555 +- 0
f1-macro-p1: 0.8380072906018466 +- 0
f1-macro-p2: 0.8414839588752632 +- 0
f1-macro-p3: 0.8373343242908461 +- 0
f1-macro-all-p: 0.8362220607992279 +- 0.005735486448965626
