acc-p0: 0.6560165975103734 +- 0.010780399217233639
acc-p1: 0.65850622406639 +- 0.005441857696516164
acc-p2: 0.659612724757953 +- 0.006822330542261953
acc-p3: 0.6706777316735824 +- 0.01965742545010439
acc-all-p: 0.6612033195020747 +- 0.01182059621240822
