acc-p0: 0.6553250345781466 +- 0.008155752690348832
acc-p1: 0.6677731673582296 +- 0.0076772830353404875
acc-p2: 0.659612724757953 +- 0.013071088267033768
acc-p3: 0.6695712309820194 +- 0.011090047737428017
acc-all-p: 0.6630705394190871 +- 0.010649660905887464
