acc-p0: 0.7319502074688796 +- 0
acc-all-p: 0.7319502074688796 +- 0
