acc-p2: 0.719640387275242 +- 0.004551724113943091
acc-all-p: 0.719640387275242 +- 0.004551724113943091
