f1-macro-p0: 0.716662971730037 +- 0
f1-macro-p1: 0.7188898171354312 +- 0
f1-macro-p2: 0.7134897025466654 +- 0
f1-macro-p3: 0.7200348215396095 +- 0
f1-macro-all-p: 0.7172693282379358 +- 0.0028825437868481283
