f1-macro-p0: 0.8290823104263667 +- 0
f1-macro-p1: 0.830257452247317 +- 0
f1-macro-p2: 0.8277779924058457 +- 0
f1-macro-p3: 0.8315300556720335 +- 0
f1-macro-all-p: 0.8296619526878908 +- 0.0016051708092191621
