acc-p0: 0.7290456431535269 +- 0
acc-all-p: 0.7290456431535269 +- 0
