f1-macro-p0: 0.7280192069886664 +- 0
f1-macro-all-p: 0.7280192069886664 +- 0
