acc-p1: 0.6088520055325035 +- 0.010183601733997242
acc-all-p: 0.6088520055325035 +- 0.010183601733997242
