acc-p0: 0.6033195020746888 +- 0.01194703738496929
acc-p1: 0.6027662517289073 +- 0.012484961655764038
acc-p2: 0.6035961272475795 +- 0.00842572304869604
acc-p3: 0.5850622406639004 +- 0.006855896946829212
acc-all-p: 0.598686030428769 +- 0.011972339690691869
