acc-p2: 0.7136929460580913 +- 0.006387885609269958
acc-all-p: 0.7136929460580913 +- 0.006387885609269958
