acc-p0: 0.48243430152143846 +- 0.006046332778532314
acc-p1: 0.48409405255878285 +- 0.0030017336672490493
acc-p2: 0.48741355463347164 +- 0.00785464501493813
acc-p3: 0.4879668049792531 +- 0.010788381742738582
acc-all-p: 0.4854771784232365 +- 0.006813530246825131
