acc-p0: 0.7145228215767635 +- 0
acc-all-p: 0.7145228215767635 +- 0
