f1-macro-p0: 0.6004031311694944 +- 0
f1-macro-all-p: 0.6004031311694944 +- 0
