f1-macro-p0: 0.44830465310090384 +- 0
f1-macro-all-p: 0.44830465310090384 +- 0
