acc-p2: 0.7156293222683264 +- 0.004238327370966669
acc-all-p: 0.7156293222683264 +- 0.004238327370966669
