f1-macro-p0: 0.854179817884094 +- 0
f1-macro-p1: 0.8547767807992954 +- 0
f1-macro-p2: 0.8601467038097466 +- 0
f1-macro-p3: 0.8575139568347803 +- 0
f1-macro-all-p: 0.8566543148319791 +- 0.002743722187952564
