acc-p0: 0.5863070539419087 +- 0.008693911551766404
acc-p1: 0.5854771784232365 +- 0.014558344226430577
acc-p2: 0.5970954356846473 +- 0.01106414242819364
acc-p3: 0.5871369294605809 +- 0.0036173435216105046
acc-all-p: 0.5890041493775934 +- 0.010054703240001985
