acc-p0: 0.6868603042876902 +- 0.0044754328319124145
acc-all-p: 0.6868603042876902 +- 0.0044754328319124145
