f1-macro-p1: 0.5871262739954758 +- 0
f1-macro-all-p: 0.5871262739954758 +- 0
