acc-p0: 0.6821576763485477 +- 0.017027622015504715
acc-p1: 0.70567081604426 +- 0.005902237425546895
acc-p2: 0.6918395573997234 +- 0.0044754328319124145
acc-p3: 0.6955739972337482 +- 0.007309659895836108
acc-all-p: 0.6938105117565698 +- 0.012235654638490316
