acc-p0: 0.6854771784232365 +- 0.006387885609269958
acc-p1: 0.6930843706777317 +- 0.009281382611235163
acc-p2: 0.6889349930843707 +- 0.0031691394847550647
acc-p3: 0.7023513139695713 +- 0.007142877639654454
acc-all-p: 0.6924619640387275 +- 0.008812525911879058
