acc-p0: 0.6337482710926694 +- 0.012478064521462277
acc-p1: 0.6623789764868603 +- 0.0039437281962332515
acc-p2: 0.6396957123098201 +- 0.0029438169645633534
acc-p3: 0.6468879668049793 +- 0.008288375251219195
acc-all-p: 0.6456777316735823 +- 0.013047866827554966
