f1-macro-p3: 0.6876905477620471 +- 0
f1-macro-all-p: 0.6876905477620471 +- 0
