acc-p0: 0.706777316735823 +- 0.009355289943615987
acc-p1: 0.7076071922544952 +- 0.004589394197243983
acc-p2: 0.7056708160442601 +- 0.007262398668229672
acc-p3: 0.7095435684647303 +- 0.011860253882121558
acc-all-p: 0.7073997233748271 +- 0.007556038934915199
