acc-p2: 0.6004149377593361 +- 0.008928396178983377
acc-all-p: 0.6004149377593361 +- 0.008928396178983377
