acc-p2: 0.6900414937759336 +- 0.0029921587348248767
acc-all-p: 0.6900414937759336 +- 0.0029921587348248767
