acc-p0: 0.7128630705394191 +- 0
acc-all-p: 0.7128630705394191 +- 0
