acc-p0: 0.7323651452282157 +- 0
acc-all-p: 0.7323651452282157 +- 0
