acc-p0: 0.5970954356846473 +- 0
acc-all-p: 0.5970954356846473 +- 0
