f1-macro-p0: 0.5046668023726797 +- 0
f1-macro-all-p: 0.5046668023726797 +- 0
