acc-p3: 0.6468879668049793 +- 0.0029921587348248767
acc-all-p: 0.6468879668049793 +- 0.0029921587348248767
