f1-macro-p0: 0.6450975585945045 +- 0
f1-macro-all-p: 0.6450975585945045 +- 0
