acc-p0: 0.7012448132780082 +- 0.0038029673817061263
acc-p1: 0.7089903181189489 +- 0.005188104933198059
acc-p2: 0.7026279391424619 +- 0.00854744926997534
acc-p3: 0.7114799446749654 +- 0.0019609193469927767
acc-all-p: 0.7060857538035962 +- 0.006433867097351949
