f1-macro-p0: 0.5132338551859099 +- 0
f1-macro-all-p: 0.5132338551859099 +- 0
