acc-p0: 0.6972337482710926 +- 0.007426497238538789
acc-p1: 0.7073305670816045 +- 0.004950354126742309
acc-p2: 0.7044260027662518 +- 0.002431313392980268
acc-p3: 0.7040110650069157 +- 0.0031418580059753075
acc-all-p: 0.7032503457814662 +- 0.005683376006588183
