acc-p0: 0.7302904564315352 +- 0
acc-all-p: 0.7302904564315352 +- 0
