acc-p0: 0.7073305670816045 +- 0.0028244229400639096
acc-p1: 0.7164591977869986 +- 0.008637618255046163
acc-p2: 0.708298755186722 +- 0.0012448132780082943
acc-p3: 0.7112033195020747 +- 0.007293940178940615
acc-all-p: 0.71082295988935 +- 0.006223961606896993
