acc-p0: 0.6940525587828492 +- 0.0039218386939855535
acc-p1: 0.7071922544951591 +- 0.0037190400165280596
acc-p2: 0.7089903181189489 +- 0.0026997539828413643
acc-p3: 0.708298755186722 +- 0.005098840550806894
acc-all-p: 0.7046334716459198 +- 0.007247296372137833
