acc-p0: 0.6969571230982019 +- 0.006351846474802209
acc-p1: 0.7100968188105118 +- 0.0021292952030899856
acc-p2: 0.7100968188105118 +- 0.003742115977446372
acc-p3: 0.7106500691562933 +- 0.001871057988723186
acc-all-p: 0.7069502074688797 +- 0.006907357054241117
