f1-macro-p0: 0.5838012184924143 +- 0
f1-macro-p1: 0.582916158734677 +- 0
f1-macro-p2: 0.6065434690842675 +- 0
f1-macro-p3: 0.5882015374572811 +- 0
f1-macro-all-p: 0.59036559594216 +- 0.011030138931416683
