f1-macro-p0: 0.7263613861386139 +- 0
f1-macro-p1: 0.7227213023379906 +- 0
f1-macro-p2: 0.7269673846399456 +- 0
f1-macro-p3: 0.7217048325724031 +- 0
f1-macro-all-p: 0.7244387264222383 +- 0.0026149859039946836
