f1-macro-p2: 0.7113919872367933 +- 0
f1-macro-all-p: 0.7113919872367933 +- 0
