acc-p3: 0.7230982019363762 +- 0.0024313133929802053
acc-all-p: 0.7230982019363762 +- 0.0024313133929802053
