f1-macro-p0: 0.7046013105712627 +- 0
f1-macro-all-p: 0.7046013105712627 +- 0
