acc-p0: 0.7286307053941908 +- 0
acc-all-p: 0.7286307053941908 +- 0
