acc-p2: 0.6199170124481328 +- 0.007293940178940615
acc-all-p: 0.6199170124481328 +- 0.007293940178940615
