acc-p0: 0.4975103734439834 +- 0
acc-all-p: 0.4975103734439834 +- 0
