acc-p0: 0.7190871369294606 +- 0
acc-all-p: 0.7190871369294606 +- 0
