acc-p0: 0.58865836791148 +- 0.004318809127523081
acc-p1: 0.6049792531120333 +- 0.02112925652526806
acc-p2: 0.6146611341632089 +- 0.02124032845124123
acc-p3: 0.6161825726141078 +- 0.013297444281296337
acc-all-p: 0.6061203319502074 +- 0.018159372879931978
