acc-p3: 0.5817427385892117 +- 0.009757656445066293
acc-all-p: 0.5817427385892117 +- 0.009757656445066293
