acc-p0: 0.6286307053941909 +- 0
acc-all-p: 0.6286307053941909 +- 0
