f1-macro-p0: 0.472539831302718 +- 0
f1-macro-p1: 0.4626865671641791 +- 0
f1-macro-p2: 0.4633662082211135 +- 0
f1-macro-p3: 0.4730741737211816 +- 0
f1-macro-all-p: 0.46791669510229805 +- 0.005657860111879728
