f1-macro-p0: 0.7333722093466439 +- 0
f1-macro-p1: 0.7221681155901593 +- 0
f1-macro-p2: 0.7293872123212806 +- 0
f1-macro-p3: 0.7263778550148957 +- 0
f1-macro-all-p: 0.7278263480682449 +- 0.0047366162830060595
