acc-p0: 0.7199170124481328 +- 0
acc-all-p: 0.7199170124481328 +- 0
