acc-p0: 0.7044260027662518 +- 0.0012676557939020258
acc-p1: 0.716597510373444 +- 0.01106414242819364
acc-p2: 0.7159059474412172 +- 0.011027772760872794
acc-p3: 0.7203319502074689 +- 0.0021956442415473703
acc-all-p: 0.7143153526970955 +- 0.009175661571575063
