acc-p0: 0.7080221300138313 +- 0.004156287469243891
acc-all-p: 0.7080221300138313 +- 0.004156287469243891
