acc-p0: 0.7168741355463347 +- 0.008746562519370579
acc-all-p: 0.7168741355463347 +- 0.008746562519370579
