acc-p0: 0.706777316735823 +- 0.0055255835008128015
acc-p1: 0.7131396957123098 +- 0.006872618671537926
acc-p2: 0.7188105117565698 +- 0.006947368384439456
acc-p3: 0.7131396957123098 +- 0.0016769509893474546
acc-all-p: 0.7129668049792531 +- 0.006572957498964508
