acc-p0: 0.7092669432918396 +- 0.007070195252631872
acc-p1: 0.7143845089903181 +- 0.002046839361956942
acc-p2: 0.7112033195020747 +- 0.008288375251219194
acc-p3: 0.7146611341632089 +- 0.004950354126742246
acc-all-p: 0.7123789764868603 +- 0.005686129358064948
