f1-macro-p3: 0.5049449905173191 +- 0
f1-macro-all-p: 0.5049449905173191 +- 0
