acc-p0: 0.7100968188105118 +- 0.004318809127523081
acc-all-p: 0.7100968188105118 +- 0.004318809127523081
