acc-p3: 0.6965421853388658 +- 0.011486608407742514
acc-all-p: 0.6965421853388658 +- 0.011486608407742514
