f1-macro-p0: 0.5779293956835423 +- 0
f1-macro-p1: 0.6003469005330765 +- 0
f1-macro-p2: 0.5687860334072661 +- 0
f1-macro-p3: 0.5548503855021444 +- 0
f1-macro-all-p: 0.5754781787815073 +- 0.01910281350258735
