acc-p3: 0.7206085753803596 +- 0.0044754328319124145
acc-all-p: 0.7206085753803596 +- 0.0044754328319124145
