acc-p1: 0.7185338865836791 +- 0.019038967421930578
acc-all-p: 0.7185338865836791 +- 0.019038967421930578
