acc-p3: 0.7225449515905947 +- 0.004156287469243891
acc-all-p: 0.7225449515905947 +- 0.004156287469243891
