acc-p0: 0.7236514522821577 +- 0
acc-all-p: 0.7236514522821577 +- 0
