f1-macro-p2: 0.6929131896873832 +- 0
f1-macro-all-p: 0.6929131896873832 +- 0
