acc-p0: 0.6962655601659751 +- 0
acc-all-p: 0.6962655601659751 +- 0
