f1-macro-p0: 0.4310121998493988 +- 0
f1-macro-p1: 0.3880321703427563 +- 0
f1-macro-p2: 0.4598831471849576 +- 0
f1-macro-p3: 0.45092589561765556 +- 0
f1-macro-all-p: 0.43246335324869206 +- 0.031984092039856506
