f1-macro-p2: 0.7143232869252298 +- 0
f1-macro-all-p: 0.7143232869252298 +- 0
