f1-macro-p0: 0.8606317411402157 +- 0
f1-macro-p1: 0.8589053360925546 +- 0
f1-macro-p2: 0.8551183053866708 +- 0
f1-macro-p3: 0.8643293330597182 +- 0
f1-macro-all-p: 0.8597461789197898 +- 0.003825953145524414
