f1-macro-p0: 0.5709724404967815 +- 0
f1-macro-p1: 0.5542945368979456 +- 0
f1-macro-p2: 0.5534266286059087 +- 0
f1-macro-p3: 0.543896700084225 +- 0
f1-macro-all-p: 0.5556475765212152 +- 0.011250153758529472
