f1-macro-p0: 0.6800528522353959 +- 0
f1-macro-p1: 0.6771255450821478 +- 0
f1-macro-p2: 0.6673301577136228 +- 0
f1-macro-p3: 0.6628045290771809 +- 0
f1-macro-all-p: 0.6718282710270869 +- 0.008111017006223646
