acc-p0: 0.6910096818810512 +- 0.00737998427217375
acc-p1: 0.7011065006915629 +- 0.002501126047029804
acc-p2: 0.7020746887966804 +- 0.003132711383929819
acc-p3: 0.6961272475795297 +- 0.0012676557939020258
acc-all-p: 0.697579529737206 +- 0.005862324023946163
