f1-macro-p0: 0.7213362836009083 +- 0
f1-macro-all-p: 0.7213362836009083 +- 0
