acc-p0: 0.7344398340248963 +- 0
acc-all-p: 0.7344398340248963 +- 0
