acc-p1: 0.7206085753803596 +- 0.006432650597086276
acc-all-p: 0.7206085753803596 +- 0.006432650597086276
