acc-p2: 0.6477178423236515 +- 0.008013779218185848
acc-all-p: 0.6477178423236515 +- 0.008013779218185848
