f1-macro-p0: 0.5838012184924143 +- 0
f1-macro-all-p: 0.5838012184924143 +- 0
