f1-macro-p0: 0.6150344490728159 +- 0
f1-macro-all-p: 0.6150344490728159 +- 0
