acc-p0: 0.5919778699861687 +- 0.002943816964563304
acc-p1: 0.5825726141078839 +- 0.00471278700896293
acc-p2: 0.6102351313969572 +- 0.0025353115878041124
acc-p3: 0.5933609958506224 +- 0.004149377593360981
acc-all-p: 0.594536652835408 +- 0.010877721563127163
