acc-p0: 0.6922544951590595 +- 0.0004791288540992728
acc-p1: 0.7053941908713693 +- 0.005441857696516223
acc-p2: 0.6970954356846473 +- 0.01039831044493086
acc-p3: 0.7027662517289074 +- 0.00633827896951019
acc-all-p: 0.6993775933609958 +- 0.007787937692215255
