acc-p0: 0.7002766251728907 +- 0.006074741702903971
acc-p1: 0.7011065006915629 +- 0.01057345220117092
acc-p2: 0.702627939142462 +- 0.002359435976380687
acc-p3: 0.7091286307053942 +- 0.0014960793674124383
acc-all-p: 0.7032849239280775 +- 0.006453603087580154
