acc-p0: 0.7062240663900415 +- 0.0014960793674124383
acc-p1: 0.7096818810511757 +- 0.0027627917504063773
acc-p2: 0.7105117565698479 +- 0.0056029402767715135
acc-p3: 0.7138312586445367 +- 0.005254058067281469
acc-all-p: 0.7100622406639004 +- 0.004528597255592705
