acc-p3: 0.7217150760719225 +- 0.003455047302018465
acc-all-p: 0.7217150760719225 +- 0.003455047302018465
