acc-p0: 0.7240663900414938 +- 0
acc-all-p: 0.7240663900414938 +- 0
