acc-p0: 0.7080221300138313 +- 0.004156287469243891
acc-p1: 0.7251728907330567 +- 0.006432650597086276
acc-p2: 0.7154910096818811 +- 0.006432650597086276
acc-p3: 0.7182572614107884 +- 0.0024896265560165887
acc-all-p: 0.7167358229598894 +- 0.007777546843435407
