acc-p0: 0.7131396957123098 +- 0.004030097450714637
acc-all-p: 0.7131396957123098 +- 0.004030097450714637
