acc-p3: 0.7210235131396957 +- 0.006228675103290547
acc-all-p: 0.7210235131396957 +- 0.006228675103290547
