acc-p3: 0.7240663900414938 +- 0.005882758040978329
acc-all-p: 0.7240663900414938 +- 0.005882758040978329
