f1-macro-p2: 0.7151184372277528 +- 0
f1-macro-all-p: 0.7151184372277528 +- 0
