acc-p0: 0.629460580912863 +- 0
acc-all-p: 0.629460580912863 +- 0
