f1-macro-p0: 0.7267645090115775 +- 0
f1-macro-all-p: 0.7267645090115775 +- 0
