acc-p0: 0.7100968188105118 +- 0.004318809127523081
acc-p1: 0.7261410788381742 +- 0.006521258774067077
acc-p2: 0.7195020746887967 +- 0.006468239530340183
acc-p3: 0.725311203319502 +- 0.002591285476513849
acc-all-p: 0.7202627939142462 +- 0.008041725656061621
