f1-macro-p1: 0.6996576991007174 +- 0
f1-macro-all-p: 0.6996576991007174 +- 0
