acc-p0: 0.7034578146611341 +- 0.00756432028430173
acc-p1: 0.729460580912863 +- 0.0010978221207736851
acc-p2: 0.7172890733056708 +- 0.011267171150437747
acc-p3: 0.7239280774550484 +- 0.010678770759035987
acc-all-p: 0.7185338865836791 +- 0.01254374613231785
