f1-macro-p0: 0.509072880657494 +- 0
f1-macro-all-p: 0.509072880657494 +- 0
