f1-macro-p0: 0.8256197909324458 +- 0
f1-macro-all-p: 0.8256197909324458 +- 0
