f1-macro-p0: 0.6178585590470256 +- 0
f1-macro-all-p: 0.6178585590470256 +- 0
