acc-p3: 0.5926694329183956 +- 0.0074264972385387285
acc-all-p: 0.5926694329183956 +- 0.0074264972385387285
