acc-p0: 0.7092669432918396 +- 0.00419750785767454
acc-p1: 0.7170124481327801 +- 0.009128630705394158
acc-p2: 0.709820193637621 +- 0.002088474255953174
acc-p3: 0.7190871369294606 +- 0.0038029673817060777
acc-all-p: 0.7137966804979253 +- 0.006491488733262224
