f1-macro-p0: 0.6851078723031925 +- 0
f1-macro-all-p: 0.6851078723031925 +- 0
