acc-p0: 0.5969571230982019 +- 0.0066173575180667465
acc-p1: 0.6020746887966805 +- 0.0016597510373443924
acc-p2: 0.6136929460580913 +- 0.00832981738584432
acc-p3: 0.6020746887966805 +- 0.009269007428916476
acc-all-p: 0.6036998616874135 +- 0.008818962004308623
