f1-macro-p0: 0.7154005832133162 +- 0
f1-macro-all-p: 0.7154005832133162 +- 0
