acc-p0: 0.58298755186722 +- 0
acc-all-p: 0.58298755186722 +- 0
