acc-p2: 0.7172890733056708 +- 0.010573452201170857
acc-all-p: 0.7172890733056708 +- 0.010573452201170857
