acc-p0: 0.5037344398340249 +- 0
acc-all-p: 0.5037344398340249 +- 0
