acc-p0: 0.7203319502074689 +- 0
acc-all-p: 0.7203319502074689 +- 0
