acc-p0: 0.7132780082987552 +- 0
acc-all-p: 0.7132780082987552 +- 0
