acc-p0: 0.7112033195020747 +- 0
acc-all-p: 0.7112033195020747 +- 0
