acc-p0: 0.47883817427385894 +- 0
acc-all-p: 0.47883817427385894 +- 0
