acc-p1: 0.7327800829875519 +- 0.004391288483094804
acc-all-p: 0.7327800829875519 +- 0.004391288483094804
