acc-p0: 0.6928077455048409 +- 0.005019432174723095
acc-p1: 0.6930843706777317 +- 0.002046839361956942
acc-p2: 0.7016597510373445 +- 0.0032407675003762577
acc-p3: 0.6995850622406639 +- 0.00478529568243606
acc-all-p: 0.6967842323651452 +- 0.005299416972155345
