acc-p0: 0.693222683264177 +- 0.0017275236510092325
acc-p1: 0.6894882434301521 +- 0.001197822135248182
acc-p2: 0.700414937759336 +- 0.003545229769841345
acc-p3: 0.6846473029045643 +- 0.005199155222465403
acc-all-p: 0.6919432918395574 +- 0.006647152518732187
