acc-p0: 0.7055325034578147 +- 0.004809222310017666
acc-p1: 0.7132780082987552 +- 0.004892044034253757
acc-p2: 0.7163208852005533 +- 0.004156287469243891
acc-p3: 0.7132780082987552 +- 0.004892044034253757
acc-all-p: 0.7121023513139696 +- 0.005781670660817429
