acc-p1: 0.7313969571230982 +- 0.002943816964563304
acc-all-p: 0.7313969571230982 +- 0.002943816964563304
