acc-p2: 0.7190871369294606 +- 0.008574264862975831
acc-all-p: 0.7190871369294606 +- 0.008574264862975831
