acc-p0: 0.706777316735823 +- 0.0024313133929802053
acc-p1: 0.720746887966805 +- 0.0016597510373443924
acc-p2: 0.7102351313969572 +- 0.007530101017325671
acc-p3: 0.7177040110650069 +- 0.00737998427217375
acc-all-p: 0.713865836791148 +- 0.007484493368637981
