acc-p0: 0.6840940525587829 +- 0.0026352086975460006
acc-p1: 0.686030428769018 +- 0.003223009736578424
acc-p2: 0.6896265560165975 +- 0.008986061339297776
acc-p3: 0.6950207468879668 +- 0.012330006604235394
acc-all-p: 0.6886929460580913 +- 0.008020856266242837
