acc-p0: 0.6846473029045643 +- 0.002720928848258082
acc-p1: 0.6955739972337482 +- 0.004318809127523081
acc-p2: 0.6948824343015214 +- 0.0025011260470297453
acc-p3: 0.6937759336099585 +- 0.0071989010675922865
acc-all-p: 0.6922199170124481 +- 0.006049675587810709
