f1-macro-p2: 0.5331215260153278 +- 0
f1-macro-all-p: 0.5331215260153278 +- 0
