f1-macro-p0: 0.5987490437130686 +- 0
f1-macro-all-p: 0.5987490437130686 +- 0
