acc-p0: 0.4983402489626556 +- 0
acc-all-p: 0.4983402489626556 +- 0
