f1-macro-p2: 0.626572002426282 +- 0
f1-macro-all-p: 0.626572002426282 +- 0
