acc-p0: 0.59432918395574 +- 0.011228903731560012
acc-p1: 0.5965421853388658 +- 0.002285298982276383
acc-p2: 0.5955739972337483 +- 0.01018360173399718
acc-p3: 0.5680497925311203 +- 0.0053941908713692754
acc-all-p: 0.5886237897648686 +- 0.014234304248705218
