acc-p2: 0.501521438450899 +- 0.001570929002987622
acc-all-p: 0.501521438450899 +- 0.001570929002987622
