f1-macro-p1: 0.7126459578054889 +- 0
f1-macro-all-p: 0.7126459578054889 +- 0
