acc-p0: 0.4975103734439834 +- 0.00981044847928371
acc-p1: 0.5110650069156293 +- 0.03877911008112221
acc-p2: 0.4904564315352697 +- 0.010883715393032354
acc-p3: 0.4858921161825726 +- 0.023825522356772738
acc-all-p: 0.4962309820193638 +- 0.022679823352147903
