acc-p2: 0.6102351313969572 +- 0.006512452208571853
acc-all-p: 0.6102351313969572 +- 0.006512452208571853
