acc-p1: 0.724896265560166 +- 0.004332077389589424
acc-all-p: 0.724896265560166 +- 0.004332077389589424
