acc-p0: 0.709405255878285 +- 0.0013338382795287582
acc-all-p: 0.709405255878285 +- 0.0013338382795287582
