acc-p0: 0.616597510373444 +- 0
acc-all-p: 0.616597510373444 +- 0
