acc-p0: 0.7001383125864453 +- 0.004397818283702564
acc-p1: 0.7218533886583679 +- 0.003742115977446372
acc-p2: 0.7034578146611341 +- 0.0025353115878041124
acc-p3: 0.7059474412171508 +- 0.0027627917504063773
acc-all-p: 0.7078492392807746 +- 0.00919603783513289
