acc-p0: 0.7009681881051175 +- 0.009734101416272728
acc-p1: 0.706777316735823 +- 0.003943728196233305
acc-p2: 0.713969571230982 +- 0.0016769509893474546
acc-p3: 0.7091286307053942 +- 0.008513811007752387
acc-all-p: 0.7077109266943292 +- 0.00759039903093845
