f1-macro-p0: 0.680089362960367 +- 0
f1-macro-all-p: 0.680089362960367 +- 0
