f1-macro-p0: 0.6886145527774461 +- 0
f1-macro-all-p: 0.6886145527774461 +- 0
