f1-macro-p0: 0.5386206112158487 +- 0
f1-macro-all-p: 0.5386206112158487 +- 0
