acc-p0: 0.6983402489626556 +- 0
acc-all-p: 0.6983402489626556 +- 0
