acc-p0: 0.7076071922544952 +- 0.003719040016527996
acc-p1: 0.712448132780083 +- 0.0056131739661695575
acc-p2: 0.7160442600276625 +- 0.0021292952030899856
acc-p3: 0.7143845089903181 +- 0.003987146695822828
acc-all-p: 0.7126210235131397 +- 0.004781887303193013
