f1-macro-p0: 0.531234657683985 +- 0
f1-macro-all-p: 0.531234657683985 +- 0
