f1-macro-p0: 0.7620759791935268 +- 0
f1-macro-p1: 0.7638609669876326 +- 0
f1-macro-p2: 0.7704960481182741 +- 0
f1-macro-p3: 0.7672957153476634 +- 0
f1-macro-all-p: 0.7659321774117742 +- 0.0037348953063303
