acc-p0: 0.7053941908713693 +- 0
acc-all-p: 0.7053941908713693 +- 0
