acc-p0: 0.619225449515906 +- 0.006643325011630864
acc-p1: 0.6273858921161826 +- 0.009352222132435356
acc-p2: 0.6250345781466113 +- 0.007974293391645655
acc-p3: 0.6080221300138312 +- 0.007530101017325735
acc-all-p: 0.6199170124481328 +- 0.010337924856261957
