acc-p0: 0.6200553250345782 +- 0.017039414582251774
acc-p1: 0.6219917012448133 +- 0.004332077389589424
acc-p2: 0.6228215767634855 +- 0.004332077389589424
acc-p3: 0.6188105117565699 +- 0.005664065070385393
acc-all-p: 0.6209197786998617 +- 0.008256130316737045
