f1-macro-p0: 0.7176558192237621 +- 0
f1-macro-p1: 0.7064268386885302 +- 0
f1-macro-p2: 0.6954318503614279 +- 0
f1-macro-p3: 0.7047889896145045 +- 0
f1-macro-all-p: 0.7060758744720561 +- 0.009113536054281007
