f1-macro-p0: 0.7036639474667793 +- 0
f1-macro-all-p: 0.7036639474667793 +- 0
