acc-p0: 0.7087136929460581 +- 0
acc-all-p: 0.7087136929460581 +- 0
