f1-macro-p0: 0.48646928965968544 +- 0
f1-macro-p1: 0.4605339618518983 +- 0
f1-macro-p2: 0.45444106133101353 +- 0
f1-macro-p3: 0.4514132348433523 +- 0
f1-macro-all-p: 0.4632143869214874 +- 0.01596050972666046
