acc-p0: 0.5941908713692946 +- 0
acc-all-p: 0.5941908713692946 +- 0
