acc-p0: 0.6955739972337482 +- 0.003719040016527996
acc-p1: 0.7056708160442601 +- 0.009591556540849705
acc-p2: 0.697372060857538 +- 0.008873590557314242
acc-p3: 0.704564315352697 +- 0.010197681101613726
acc-all-p: 0.7007952973720608 +- 0.008570537037325883
