acc-p0: 0.6941908713692946 +- 0.0010978221207736851
acc-p1: 0.7092669432918396 +- 0.005335353118115033
acc-p2: 0.6846473029045643 +- 0.008099261948524093
acc-p3: 0.7047026279391425 +- 0.001044237127976587
acc-all-p: 0.6982019363762102 +- 0.010813500244127514
