acc-p0: 0.6038727524204702 +- 0.003742115977446372
acc-p1: 0.6063623789764868 +- 0.007832694403744303
acc-p2: 0.6116182572614108 +- 0.007078307929141921
acc-p3: 0.6141078838174274 +- 0.008634295455055943
acc-all-p: 0.6089903181189488 +- 0.007376802253751527
