acc-p0: 0.6121715076071923 +- 0.012898714724242625
acc-p1: 0.6161825726141079 +- 0.017486562245398726
acc-p2: 0.6298755186721992 +- 0.017491484571251447
acc-p3: 0.618118948824343 +- 0.016269229269745625
acc-all-p: 0.6190871369294606 +- 0.015392914790820009
