acc-p0: 0.7044260027662518 +- 0.0012676557939020258
acc-all-p: 0.7044260027662518 +- 0.0012676557939020258
