acc-p0: 0.7168741355463347 +- 0.008746562519370579
acc-p1: 0.7271092669432918 +- 0.008921965932431636
acc-p2: 0.7240663900414938 +- 0.002523967854895518
acc-p3: 0.7255878284923928 +- 0.003855424582231343
acc-all-p: 0.7234094052558783 +- 0.007002627684456298
