acc-p0: 0.7186721991701245 +- 0
acc-all-p: 0.7186721991701245 +- 0
